|--------------+----+----+----+----+----+----+----+---------|
|              | Su | Mo | Tu | We | Th | Fr | Sa |         |
|--------------+----+----+----+----+----+----+----+---------|
| December     |    | 1  | 2  | 3  | 4  | 5  | 6  |        1|
|              +----+----+----+----+----+----+----+---------|
| 2014         | 7  | 8  | 9  | 10 | 11 | 12 | 13 |        2|
|              +----+----+----+----+----+----+----+---------|
|              | 14 | 15 | 16 | 17 | 18 | 19 | 20 |        3|
|              +----+----+----+----+----+----+----+---------|
|              | 21 | 22 | 23 | 24 | 25 | 26 | 27 |        4|
|--------------+----+----+----+----+----+----+----+---------|
| January      | 28 | 29 | 30 | 31 | 1  | 2  | 3  |        5|
|              +----+----+----+----+----+----+----+---------|
| 2015         | 4  | 5  | 6  | 7  | 8  | 9  | 10 |        6|
|              +----+----+----+----+----+----+----+---------|
|              | 11 | 12 | 13 | 14 | 15 | 16 | 17 |        7|
|              +----+----+----+----+----+----+----+---------|
|              | 18 | 19 | 20 | 21 | 22 | 23 | 24 |        8|
|              +----+----+----+----+----+----+----+---------|
|              | 25 | 26 | 27 | 28 | 29 | 30 | 31 |        9|
|--------------+----+----+----+----+----+----+----+---------|
| February     | 1  | 2  | 3  | 4  | 5  | 6  | 7  |       10|
|              +----+----+----+----+----+----+----+---------|
| 2015         | 8  | 9  | 10 | 11 | 12 | 13 | 14 |       11|
|              +----+----+----+----+----+----+----+---------|
|              | 15 | 16 | 17 | 18 | 19 | 20 | 21 |       12|
|              +----+----+----+----+----+----+----+---------|
|              | 22 | 23 | 24 | 25 | 26 | 27 | 28 |       13|
|--------------+----+----+----+----+----+----+----+---------|
| March        | 1  | 2  | 3  | 4  | 5  | 6  | 7  |       14|
|              +----+----+----+----+----+----+----+---------|
| 2015         | 8  | 9  | 10 | 11 | 12 | 13 | 14 |       15|
|              +----+----+----+----+----+----+----+---------|
|              | 15 | 16 | 17 | 18 | 19 | 20 | 21 |       16|
|              +----+----+----+----+----+----+----+---------|
|              | 22 | 23 | 24 | 25 | 26 | 27 | 28 |       17|
|--------------+----+----+----+----+----+----+----+---------|
| April        | 29 | 30 | 31 | 1  | 2  | 3  | 4  |       18|
|              +----+----+----+----+----+----+----+---------|
| 2015         | 5  | 6  | 7  | 8  | 9  | 10 | 11 |       19|
|              +----+----+----+----+----+----+----+---------|
|              | 12 | 13 | 14 | 15 | 16 | 17 | 18 |       20|
|              +----+----+----+----+----+----+----+---------|
|              | 19 | 20 | 21 | 22 | 23 | 24 | 25 |       21|
|--------------+----+----+----+----+----+----+----+---------|
| May          | 26 | 27 | 28 | 29 | 30 | 1  | 2  |       22|
|              +----+----+----+----+----+----+----+---------|
| 2015         | 3  | 4  | 5  | 6  | 7  | 8  | 9  |       23|
|              +----+----+----+----+----+----+----+---------|
|              | 10 | 11 | 12 | 13 | 14 | 15 | 16 |       24|
|              +----+----+----+----+----+----+----+---------|
|              | 17 | 18 | 19 | 20 | 21 | 22 | 23 |       25|
|              +----+----+----+----+----+----+----+---------|
|              | 24 | 25 | 26 | 27 | 28 | 29 | 30 |       26|
|--------------+----+----+----+----+----+----+----+---------|
| June         | 31 | 1  | 2  | 3  | 4  | 5  | 6  |       27|
|              +----+----+----+----+----+----+----+---------|
| 2015         | 7  | 8  | 9  | 10 | 11 | 12 | 13 |       28|
|              +----+----+----+----+----+----+----+---------|
|              | 14 | 15 | 16 | 17 | 18 | 19 | 20 |       29|
|              +----+----+----+----+----+----+----+---------|
|              | 21 | 22 | 23 | 24 | 25 | 26 | 27 |       30|
|--------------+----+----+----+----+----+----+----+---------|
| July         | 28 | 29 | 30 | 1  | 2  | 3  | 4  |       31|
|              +----+----+----+----+----+----+----+---------|
| 2015         | 5  | 6  | 7  | 8  | 9  | 10 | 11 |       32|
|              +----+----+----+----+----+----+----+---------|
|              | 12 | 13 | 14 | 15 | 16 | 17 | 18 |       33|
|              +----+----+----+----+----+----+----+---------|
|              | 19 | 20 | 21 | 22 | 23 | 24 | 25 |       34|
|--------------+----+----+----+----+----+----+----+---------|
| August       | 26 | 27 | 28 | 29 | 30 | 31 | 1  |       35|
|              +----+----+----+----+----+----+----+---------|
| 2015         | 2  | 3  | 4  | 5  | 6  | 7  | 8  |       36|
|              +----+----+----+----+----+----+----+---------|
|              | 9  | 10 | 11 | 12 | 13 | 14 | 15 |       37|
|              +----+----+----+----+----+----+----+---------|
|              | 16 | 17 | 18 | 19 | 20 | 21 | 22 |       38|
|              +----+----+----+----+----+----+----+---------|
|              | 23 | 24 | 25 | 26 | 27 | 28 | 29 |       39|
|--------------+----+----+----+----+----+----+----+---------|
| September    | 30 | 31 | 1  | 2  | 3  | 4  | 5  |       40|
|              +----+----+----+----+----+----+----+---------|
| 2015         | 6  | 7  | 8  | 9  | 10 | 11 | 12 |       41|
|              +----+----+----+----+----+----+----+---------|
|              | 13 | 14 | 15 | 16 | 17 | 18 | 19 |       42|
|              +----+----+----+----+----+----+----+---------|
|              | 20 | 21 | 22 | 23 | 24 | 25 | 26 |       43|
|--------------+----+----+----+----+----+----+----+---------|
| October      | 27 | 28 | 29 | 30 | 1  | 2  | 3  |       44|
|              +----+----+----+----+----+----+----+---------|
| 2015         | 4  | 5  | 6  | 7  | 8  | 9  | 10 |       45|
|              +----+----+----+----+----+----+----+---------|
|              | 11 | 12 | 13 | 14 | 15 | 16 | 17 |       46|
|              +----+----+----+----+----+----+----+---------|
|              | 18 | 19 | 20 | 21 | 22 | 23 | 24 |       47|
|              +----+----+----+----+----+----+----+---------|
|              | 25 | 26 | 27 | 28 | 29 | 30 | 31 |       48|
|--------------+----+----+----+----+----+----+----+---------|
| November     | 1  | 2  | 3  | 4  | 5  | 6  | 7  |       49|
|              +----+----+----+----+----+----+----+---------|
| 2015         | 8  | 9  | 10 | 11 | 12 | 13 | 14 |       50|
|              +----+----+----+----+----+----+----+---------|
|              | 15 | 16 | 17 | 18 | 19 | 20 | 21 |       51|
|              +----+----+----+----+----+----+----+---------|
|              | 22 | 23 | 24 | 25 | 26 | 27 | 28 |       52|
|--------------+----+----+----+----+----+----+----+---------|
| December     | 29 | 30 | 1  | 2  | 3  | 4  | 5  |       53|
|              +----+----+----+----+----+----+----+---------|
| 2015         | 6  | 7  | 8  | 9  | 10 | 11 | 12 |       54|
|              +----+----+----+----+----+----+----+---------|
|              | 13 | 14 | 15 | 16 | 17 | 18 | 19 |       55|
|              +----+----+----+----+----+----+----+---------|
|              | 20 | 21 | 22 | 23 | 24 | 25 | 26 |       56|
|--------------+----+----+----+----+----+----+----+---------|
| January      | 27 | 28 | 29 | 30 | 31 | 1  | 2  |       57|
|              +----+----+----+----+----+----+----+---------|
| 2016         | 3  | 4  | 5  | 6  | 7  | 8  | 9  |       58|
|              +----+----+----+----+----+----+----+---------|
|              | 10 | 11 | 12 | 13 | 14 | 15 | 16 |       59|
|              +----+----+----+----+----+----+----+---------|
|              | 17 | 18 | 19 | 20 | 21 | 22 | 23 |       60|
|              +----+----+----+----+----+----+----+---------|
|              | 24 | 25 | 26 | 27 | 28 | 29 | 30 |       61|
|--------------+----+----+----+----+----+----+----+---------|
| February     | 31 | 1  | 2  | 3  | 4  | 5  | 6  |       62|
|              +----+----+----+----+----+----+----+---------|
| 2016         | 7  | 8  | 9  | 10 | 11 | 12 | 13 |       63|
|              +----+----+----+----+----+----+----+---------|
|              | 14 | 15 | 16 | 17 | 18 | 19 | 20 |       64|
|              +----+----+----+----+----+----+----+---------|
|              | 21 | 22 | 23 | 24 | 25 | 26 | 27 |       65|
|--------------+----+----+----+----+----+----+----+---------|
| March        | 28 | 29 | 1  | 2  | 3  | 4  | 5  |       66|
|              +----+----+----+----+----+----+----+---------|
| 2016         | 6  | 7  | 8  | 9  | 10 | 11 | 12 |       67|
|              +----+----+----+----+----+----+----+---------|
|              | 13 | 14 | 15 | 16 | 17 | 18 | 19 |       68|
|              +----+----+----+----+----+----+----+---------|
|              | 20 | 21 | 22 | 23 | 24 | 25 | 26 |       69|
|--------------+----+----+----+----+----+----+----+---------|
| April        | 27 | 28 | 29 | 30 | 31 | 1  | 2  |       70|
|              +----+----+----+----+----+----+----+---------|
| 2016         | 3  | 4  | 5  | 6  | 7  | 8  | 9  |       71|
|              +----+----+----+----+----+----+----+---------|
|              | 10 | 11 | 12 | 13 | 14 | 15 | 16 |       72|
|              +----+----+----+----+----+----+----+---------|
|              | 17 | 18 | 19 | 20 | 21 | 22 | 23 |       73|
|              +----+----+----+----+----+----+----+---------|
|              | 24 | 25 | 26 | 27 | 28 | 29 | 30 |       74|
|--------------+----+----+----+----+----+----+----+---------|
| May          | 1  | 2  | 3  | 4  | 5  | 6  | 7  |       75|
|              +----+----+----+----+----+----+----+---------|
| 2016         | 8  | 9  | 10 | 11 | 12 | 13 | 14 |       76|
|              +----+----+----+----+----+----+----+---------|
|              | 15 | 16 | 17 | 18 | 19 | 20 | 21 |       77|
|              +----+----+----+----+----+----+----+---------|
|              | 22 | 23 | 24 | 25 | 26 | 27 | 28 |       78|
|--------------+----+----+----+----+----+----+----+---------|
| June         | 29 | 30 | 31 | 1  | 2  | 3  | 4  |       79|
|              +----+----+----+----+----+----+----+---------|
| 2016         | 5  | 6  | 7  | 8  | 9  | 10 | 11 |       80|
|              +----+----+----+----+----+----+----+---------|
|              | 12 | 13 | 14 | 15 | 16 | 17 | 18 |       81|
|              +----+----+----+----+----+----+----+---------|
|              | 19 | 20 | 21 | 22 | 23 | 24 | 25 |       82|
|--------------+----+----+----+----+----+----+----+---------|
| July         | 26 | 27 | 28 | 29 | 30 | 1  | 2  |       83|
|              +----+----+----+----+----+----+----+---------|
| 2016         | 3  | 4  | 5  | 6  | 7  | 8  | 9  |       84|
|              +----+----+----+----+----+----+----+---------|
|              | 10 | 11 | 12 | 13 | 14 | 15 | 16 |       85|
|              +----+----+----+----+----+----+----+---------|
|              | 17 | 18 | 19 | 20 | 21 | 22 | 23 |       86|
|              +----+----+----+----+----+----+----+---------|
|              | 24 | 25 | 26 | 27 | 28 | 29 | 30 |       87|
|--------------+----+----+----+----+----+----+----+---------|
| August       | 31 | 1  | 2  | 3  | 4  | 5  | 6  |       88|
|              +----+----+----+----+----+----+----+---------|
| 2016         | 7  | 8  | 9  | 10 | 11 | 12 | 13 |       89|
|              +----+----+----+----+----+----+----+---------|
|              | 14 | 15 | 16 | 17 | 18 | 19 | 20 |       90|
|              +----+----+----+----+----+----+----+---------|
|              | 21 | 22 | 23 | 24 | 25 | 26 | 27 |       91|
|              +----+----+----+----+----+----+----+---------|
|              | 28 | 29 | 30 | 31 |    |    |    |       92|
|--------------+----+----+----+----+----+----+----+---------|
